50 50 50 50 100 50
50 100 50 100 100 50
100 100 50 100 50 50
100 50 50 50 50 50
50 50 50 50 50 100
50 100 50 50 100 100
100 100 50 100 100 100
100 50 50 100 50 100
50 50 100 50 100 100
50 100 100 100 100 100
100 100 100 100 50 100
100 50 100 50 50 100
120 50 50 120 100 50
120 100 50 170 100 50
170 100 50 170 50 50
170 50 50 120 50 50
120 50 50 120 50 100
120 100 50 120 100 100
170 100 50 170 100 100
170 50 50 170 50 100
120 50 100 120 100 100
120 100 100 170 100 100
170 100 100 170 50 100
170 50 100 120 50 100
50 120 50 50 170 50
50 170 50 100 170 50
100 170 50 100 120 50
100 120 50 50 120 50
50 120 50 50 120 100
50 170 50 50 170 100
100 170 50 100 170 100
100 120 50 100 120 100
50 120 100 50 170 100
50 170 100 100 170 100
100 170 100 100 120 100
100 120 100 50 120 100
120 120 50 120 170 50
120 170 50 170 170 50
170 170 50 170 120 50
170 120 50 120 120 50
120 120 50 120 120 100
120 170 50 120 170 100
170 170 50 170 170 100
170 120 50 170 120 100
120 120 100 120 170 100
120 170 100 170 170 100
170 170 100 170 120 100
170 120 100 120 120 100
50 50 120 50 100 120
50 100 120 100 100 120
100 100 120 100 50 120
100 50 120 50 50 120
50 50 120 50 50 170
50 100 120 50 100 170
100 100 120 100 100 170
100 50 120 100 50 170
50 50 170 50 100 170
50 100 170 100 100 170
100 100 170 100 50 170
100 50 170 50 50 170
120 50 120 120 100 120
120 100 120 170 100 120
170 100 120 170 50 120
170 50 120 120 50 120
120 50 120 120 50 170
120 100 120 120 100 170
170 100 120 170 100 170
170 50 120 170 50 170
120 50 170 120 100 170
120 100 170 170 100 170
170 100 170 170 50 170
170 50 170 120 50 170
50 120 120 50 170 120
50 170 120 100 170 120
100 170 120 100 120 120
100 120 120 50 120 120
50 120 120 50 120 170
50 170 120 50 170 170
100 170 120 100 170 170
100 120 120 100 120 170
50 120 170 50 170 170
50 170 170 100 170 170
100 170 170 100 120 170
100 120 170 50 120 170
120 120 120 120 170 120
120 170 120 170 170 120
170 170 120 170 120 120
170 120 120 120 120 120
120 120 120 120 120 170
120 170 120 120 170 170
170 170 120 170 170 170
170 120 120 170 120 170
120 120 170 120 170 170
120 170 170 170 170 170
170 170 170 170 120 170
170 120 170 120 120 170